Code du département;Libellé du département;Etat saisie;Inscrits;Abstentions;% Abs/Ins;Votants;% Vot/Ins;Blancs;% Blancs/Ins;% Blancs/Vot;Nuls;% Nuls/Ins;% Nuls/Vot;Exprimés;% Exp/Ins;% Exp/Vot;Code Nuance;Voix;% Voix/Ins;% Voix/Exp;Sičges
01;Ain;Complet;440697;229507;52,08;211190;47,92;2962;0,67;1,40;962;0,22;0,46;207266;47,03;98,14;DXG;1809;0,41;0,87;00;RDG;2215;0,50;1,07;00;NUP;46671;10,59;22,52;00;DVG;292;0,07;0,14;00;ECO;5226;1,19;2,52;00;DIV;1565;0,36;0,76;00;ENS;39008;8,85;18,82;00;DVC;4280;0,97;2,06;00;LR;34994;7,94;16,88;00;DVD;14026;3,18;6,77;00;DSV;2835;0,64;1,37;00;REC;10801;2,45;5,21;00;RN;43544;9,88;21,01;00
02;Aisne;Complet;374297;202419;54,08;171878;45,92;2781;0,74;1,62;1054;0,28;0,61;168043;44,90;97,77;DXG;2744;0,73;1,63;00;NUP;40464;10,81;24,08;00;DVG;505;0,13;0,30;00;ECO;892;0,24;0,53;00;DIV;288;0,08;0,17;00;ENS;25540;6,82;15,20;00;DVC;6093;1,63;3,63;00;LR;25314;6,76;15,06;00;DVD;2052;0,55;1,22;00;DSV;2435;0,65;1,45;00;REC;6077;1,62;3,62;00;RN;55639;14,86;33,11;00
03;Allier;Complet;250507;122919;49,07;127588;50,93;2482;0,99;1,95;1156;0,46;0,91;123950;49,48;97,15;DXG;1457;0,58;1,18;00;RDG;2584;1,03;2,08;00;NUP;30034;11,99;24,23;00;DVG;7649;3,05;6,17;00;ECO;2539;1,01;2,05;00;DIV;4;0,00;0,00;00;REG;722;0,29;0,58;00;ENS;24649;9,84;19,89;00;DVC;3037;1,21;2,45;00;LR;19538;7,80;15,76;00;DVD;936;0,37;0,76;00;DSV;1035;0,41;0,84;00;REC;5462;2,18;4,41;00;RN;24304;9,70;19,61;00
04;Alpes-de-Haute-Provence;Complet;128623;61661;47,94;66962;52,06;1292;1,00;1,93;501;0,39;0,75;65169;50,67;97,32;DXG;886;0,69;1,36;00;NUP;18684;14,53;28,67;00;DVG;1249;0,97;1,92;00;ECO;2876;2,24;4,41;00;DIV;619;0,48;0,95;00;REG;494;0,38;0,76;00;ENS;17240;13,40;26,45;00;UDI;1288;1,00;1,98;00;DVD;544;0,42;0,83;00;DSV;1308;1,02;2,01;00;REC;3163;2,46;4,85;00;RN;16818;13,08;25,81;00
05;Hautes-Alpes;Complet;113917;53545;47,00;60372;53,00;1026;0,90;1,70;430;0,38;0,71;58916;51,72;97,59;DXG;594;0,52;1,01;00;NUP;16927;14,86;28,73;00;DVG;1077;0,95;1,83;00;ECO;1758;1,54;2,98;00;REG;268;0,24;0,45;00;ENS;18433;16,18;31,29;00;LR;5352;4,70;9,08;00;DSV;960;0,84;1,63;00;REC;1999;1,75;3,39;00;RN;11548;10,14;19,60;00
06;Alpes-Maritimes;Complet;783205;429234;54,80;353971;45,20;4296;0,55;1,21;1930;0,25;0,55;347745;44,40;98,24;DXG;1984;0,25;0,57;00;RDG;1023;0,13;0,29;00;NUP;58127;7,42;16,72;00;DVG;1496;0,19;0,43;00;ECO;17705;2,26;5,09;00;DIV;1281;0,16;0,37;00;ENS;79660;10,17;22,91;00;DVC;2351;0,30;0,68;00;LR;78595;10,04;22,60;00;DVD;1919;0,25;0,55;00;DSV;5494;0,70;1,58;00;REC;27281;3,48;7,85;00;RN;70829;9,04;20,37;00
07;Ardčche;Complet;256689;119569;46,58;137120;53,42;1973;0,77;1,44;767;0,30;0,56;134380;52,35;98,00;DXG;2091;0,81;1,56;00;NUP;23774;9,26;17,69;00;DVG;21041;8,20;15,66;00;ECO;1077;0,42;0,80;00;REG;1673;0,65;1,24;00;ENS;27684;10,79;20,60;00;LR;20158;7,85;15,00;00;DVD;4722;1,84;3,51;00;DSV;1953;0,76;1,45;00;REC;4529;1,76;3,37;00;RN;25678;10,00;19,11;00
08;Ardennes;Complet;186931;101161;54,12;85770;45,88;1058;0,57;1,23;535;0,29;0,62;84177;45,03;98,14;DXG;1174;0,63;1,39;00;NUP;14752;7,89;17,52;00;ECO;1331;0,71;1,58;00;ENS;12146;6,50;14,43;00;DVC;1379;0,74;1,64;00;LR;17024;9,11;20,22;00;DVD;12332;6,60;14,65;00;DSV;918;0,49;1,09;00;REC;3043;1,63;3,62;00;RN;20078;10,74;23,85;00
09;Aričge;Complet;119482;53693;44,94;65789;55,06;1308;1,09;1,99;800;0,67;1,22;63681;53,30;96,80;DXG;664;0,56;1,04;00;NUP;19771;16,55;31,05;00;DVG;13588;11,37;21,34;00;ECO;800;0,67;1,26;00;DIV;928;0,78;1,46;00;REG;881;0,74;1,38;00;ENS;10474;8,77;16,45;00;UDI;783;0,66;1,23;00;DSV;472;0,40;0,74;00;REC;2405;2,01;3,78;00;RN;12915;10,81;20,28;00
10;Aube;Complet;206342;106085;51,41;100257;48,59;1477;0,72;1,47;533;0,26;0,53;98247;47,61;98,00;DXG;1377;0,67;1,40;00;NUP;17153;8,31;17,46;00;ECO;1887;0,91;1,92;00;DIV;884;0,43;0,90;00;ENS;20291;9,83;20,65;00;DVC;1114;0,54;1,13;00;LR;20026;9,71;20,38;00;DSV;1042;0,50;1,06;00;REC;4119;2,00;4,19;00;RN;30354;14,71;30,90;00
11;Aude;Complet;280882;136061;48,44;144821;51,56;2698;0,96;1,86;1153;0,41;0,80;140970;50,19;97,34;DXG;1647;0,59;1,17;00;RDG;7686;2,74;5,45;00;NUP;35371;12,59;25,09;00;DVG;452;0,16;0,32;00;ECO;5613;2,00;3,98;00;DIV;927;0,33;0,66;00;ENS;30926;11,01;21,94;00;DVC;87;0,03;0,06;00;UDI;1573;0,56;1,12;00;LR;6207;2,21;4,40;00;DSV;1819;0,65;1,29;00;REC;6587;2,35;4,67;00;RN;42075;14,98;29,85;00
12;Aveyron;Complet;219802;98220;44,69;121582;55,31;2357;1,07;1,94;1159;0,53;0,95;118066;53,71;97,11;DXG;1054;0,48;0,89;00;RDG;3835;1,74;3,25;00;NUP;29951;13,63;25,37;00;DVG;18;0,01;0,02;00;ECO;2113;0,96;1,79;00;ENS;35890;16,33;30,40;00;LR;18161;8,26;15,38;00;DVD;5614;2,55;4,75;00;DSV;1240;0,56;1,05;00;REC;3917;1,78;3,32;00;RN;16273;7,40;13,78;00
13;Bouches-du-Rhône;Complet;1419768;793351;55,88;626417;44,12;8542;0,60;1,36;3204;0,23;0,51;614671;43,29;98,12;DXG;5954;0,42;0,97;00;NUP;161290;11,36;26,24;00;DVG;4022;0,28;0,65;00;ECO;27594;1,94;4,49;00;DIV;3563;0,25;0,58;00;REG;1298;0,09;0,21;00;ENS;136388;9,61;22,19;00;DVC;4593;0,32;0,75;00;UDI;4693;0,33;0,76;00;LR;60749;4,28;9,88;00;DVD;1846;0,13;0,30;00;DSV;8560;0,60;1,39;00;REC;41842;2,95;6,81;00;RN;152279;10,73;24,77;00
14;Calvados;Complet;514845;250865;48,73;263980;51,27;3783;0,73;1,43;1682;0,33;0,64;258515;50,21;97,93;DXG;4064;0,79;1,57;00;NUP;70729;13,74;27,36;00;DVG;4264;0,83;1,65;00;ECO;4471;0,87;1,73;00;ENS;77283;15,01;29,89;00;DVC;1817;0,35;0,70;00;LR;31351;6,09;12,13;00;DVD;3474;0,67;1,34;00;DSV;4676;0,91;1,81;00;REC;8481;1,65;3,28;00;RN;47905;9,30;18,53;00
15;Cantal;Complet;115979;53581;46,20;62398;53,80;1149;0,99;1,84;505;0,44;0,81;60744;52,37;97,35;DXG;722;0,62;1,19;00;NUP;10638;9,17;17,51;00;ECO;7;0,01;0,01;00;ENS;12186;10,51;20,06;00;LR;23771;20,50;39,13;00;DVD;4055;3,50;6,68;00;REC;1809;1,56;2,98;00;RN;7556;6,51;12,44;00
16;Charente;Complet;258374;128661;49,80;129713;50,20;2341;0,91;1,80;1208;0,47;0,93;126164;48,83;97,26;DXG;1607;0,62;1,27;00;NUP;28247;10,93;22,39;00;DVG;15122;5,85;11,99;00;ECO;4035;1,56;3,20;00;DIV;2603;1,01;2,06;00;ENS;33190;12,85;26,31;00;DVC;320;0,12;0,25;00;LR;8956;3,47;7,10;00;DSV;1325;0,51;1,05;00;REC;4536;1,76;3,60;00;RN;26223;10,15;20,78;00
17;Charente-Maritime;Complet;520944;259513;49,82;261431;50,18;3436;0,66;1,31;1480;0,28;0,57;256515;49,24;98,12;DXG;2968;0,57;1,16;00;RDG;1506;0,29;0,59;00;NUP;57489;11,04;22,41;00;DVG;24099;4,63;9,39;00;ECO;8442;1,62;3,29;00;DIV;32;0,01;0,01;00;ENS;65001;12,48;25,34;00;DVC;3483;0,67;1,36;00;LR;26853;5,15;10,47;00;DVD;1063;0,20;0,41;00;DSV;2741;0,53;1,07;00;REC;10040;1,93;3,91;00;RN;52798;10,14;20,58;00
18;Cher;Complet;224553;114305;50,90;110248;49,10;2305;1,03;2,09;741;0,33;0,67;107202;47,74;97,24;DXG;1825;0,81;1,70;00;NUP;27571;12,28;25,72;00;ECO;1388;0,62;1,29;00;DIV;584;0,26;0,54;00;ENS;31605;14,07;29,48;00;LR;11752;5,23;10,96;00;DSV;1878;0,84;1,75;00;REC;4465;1,99;4,17;00;RN;26134;11,64;24,38;00
19;Corrčze;Complet;185569;81491;43,91;104078;56,09;2160;1,16;2,08;1293;0,70;1,24;100625;54,23;96,68;DXG;1175;0,63;1,17;00;NUP;23510;12,67;23,36;00;DVG;8741;4,71;8,69;00;ECO;2138;1,15;2,12;00;DIV;2304;1,24;2,29;00;ENS;20042;10,80;19,92;00;DVC;615;0,33;0,61;00;LR;22034;11,87;21,90;00;DSV;465;0,25;0,46;00;REC;3206;1,73;3,19;00;RN;16395;8,83;16,29;00
2A;Corse-du-Sud;Complet;114110;63424;55,58;50686;44,42;819;0,72;1,62;563;0,49;1,11;49304;43,21;97,27;DXG;159;0,14;0,32;00;DVG;4667;4,09;9,47;00;ECO;928;0,81;1,88;00;REG;17022;14,92;34,52;00;ENS;7972;6,99;16,17;00;DVC;2193;1,92;4,45;00;DVD;7084;6,21;14,37;00;DSV;548;0,48;1,11;00;REC;1940;1,70;3,93;00;RN;6791;5,95;13,77;00
2B;Haute-Corse;Complet;129449;71527;55,25;57922;44,75;929;0,72;1,60;478;0,37;0,83;56515;43,66;97,57;DXG;327;0,25;0,58;00;DVG;4828;3,73;8,54;00;ECO;646;0,50;1,14;00;DIV;112;0,09;0,20;00;REG;26540;20,50;46,96;00;ENS;2944;2,27;5,21;00;DVC;3352;2,59;5,93;00;DVD;9267;7,16;16,40;00;DSV;666;0,51;1,18;00;REC;1179;0,91;2,09;00;RN;6654;5,14;11,77;00
21;Côte-d'Or;Complet;368500;180193;48,90;188307;51,10;2833;0,77;1,50;903;0,25;0,48;184571;50,09;98,02;DXG;2128;0,58;1,15;00;RDG;2539;0,69;1,38;00;NUP;43029;11,68;23,31;00;DVG;5607;1,52;3,04;00;ECO;3335;0,91;1,81;00;ENS;46864;12,72;25,39;00;DVC;161;0,04;0,09;00;UDI;386;0,10;0,21;00;LR;24607;6,68;13,33;00;DVD;8512;2,31;4,61;00;DSV;1993;0,54;1,08;00;REC;8259;2,24;4,47;00;RN;37151;10,08;20,13;00
22;Côtes-d'Armor;Complet;473117;211389;44,68;261728;55,32;3630;0,77;1,39;1753;0,37;0,67;256345;54,18;97,94;DXG;3492;0,74;1,36;00;NUP;66434;14,04;25,92;00;DVG;16385;3,46;6,39;00;ECO;6309;1,33;2,46;00;DIV;1442;0,30;0,56;00;REG;4699;0,99;1,83;00;ENS;71651;15,14;27,95;00;DVC;3502;0,74;1,37;00;LR;27205;5,75;10,61;00;DVD;10051;2,12;3,92;00;DSV;2127;0,45;0,83;00;REC;7085;1,50;2,76;00;RN;35963;7,60;14,03;00
23;Creuse;Complet;91035;41508;45,60;49527;54,40;1332;1,46;2,69;614;0,67;1,24;47581;52,27;96,07;DXG;630;0,69;1,32;00;NUP;12545;13,78;26,37;00;DVG;79;0,09;0,17;00;ECO;1061;1,17;2,23;00;ENS;12368;13,59;25,99;00;DVD;10812;11,88;22,72;00;DSV;853;0,94;1,79;00;REC;1115;1,22;2,34;00;RN;8118;8,92;17,06;00
24;Dordogne;Complet;319328;143379;44,90;175949;55,10;3177;0,99;1,81;2062;0,65;1,17;170710;53,46;97,02;DXG;1530;0,48;0,90;00;RDG;775;0,24;0,45;00;NUP;40783;12,77;23,89;00;DVG;21320;6,68;12,49;00;ECO;3203;1,00;1,88;00;DIV;481;0,15;0,28;00;REG;1254;0,39;0,73;00;ENS;27079;8,48;15,86;00;DVC;12249;3,84;7,18;00;LR;16138;5,05;9,45;00;DVD;2121;0,66;1,24;00;DSV;1539;0,48;0,90;00;REC;6590;2,06;3,86;00;RN;35648;11,16;20,88;00
25;Doubs;Complet;370121;189245;51,13;180876;48,87;3016;0,81;1,67;1243;0,34;0,69;176617;47,72;97,65;DXG;2659;0,72;1,51;00;RDG;1442;0,39;0,82;00;NUP;43643;11,79;24,71;00;ECO;2171;0,59;1,23;00;DIV;755;0,20;0,43;00;REG;2;0,00;0,00;00;ENS;45170;12,20;25,58;00;DVC;513;0,14;0,29;00;LR;30926;8,36;17,51;00;DVD;4879;1,32;2,76;00;DSV;1858;0,50;1,05;00;REC;6521;1,76;3,69;00;RN;36078;9,75;20,43;00
26;Drôme;Complet;383936;189195;49,28;194741;50,72;2625;0,68;1,35;1051;0,27;0,54;191065;49,76;98,11;DXG;2114;0,55;1,11;00;NUP;57637;15,01;30,17;00;DVG;2478;0,65;1,30;00;ECO;3060;0,80;1,60;00;DIV;12;0,00;0,01;00;ENS;38659;10,07;20,23;00;DVC;3694;0,96;1,93;00;LR;35122;9,15;18,38;00;DSV;3199;0,83;1,67;00;REC;8064;2,10;4,22;00;RN;37026;9,64;19,38;00
27;Eure;Complet;433710;221448;51,06;212262;48,94;3634;0,84;1,71;1260;0,29;0,59;207368;47,81;97,69;DXG;3006;0,69;1,45;00;RDG;712;0,16;0,34;00;NUP;44941;10,36;21,67;00;DVG;826;0,19;0,40;00;ECO;8815;2,03;4,25;00;DIV;566;0,13;0,27;00;ENS;53065;12,24;25,59;00;LR;13765;3,17;6,64;00;DVD;8278;1,91;3,99;00;DSV;2210;0,51;1,07;00;REC;8365;1,93;4,03;00;RN;61965;14,29;29,88;00;DXD;854;0,20;0,41;00
28;Eure-et-Loir;Complet;304851;159900;52,45;144951;47,55;1942;0,64;1,34;804;0,26;0,55;142205;46,65;98,11;DXG;2817;0,92;1,98;00;NUP;27447;9,00;19,30;00;ECO;5341;1,75;3,76;00;DIV;1705;0,56;1,20;00;ENS;42664;14,00;30,00;00;DVC;329;0,11;0,23;00;LR;18418;6,04;12,95;00;DVD;3706;1,22;2,61;00;DSV;1608;0,53;1,13;00;REC;5862;1,92;4,12;00;RN;32308;10,60;22,72;00
29;Finistčre;Complet;712030;334884;47,03;377146;52,97;6365;0,89;1,69;2172;0,31;0,58;368609;51,77;97,74;DXG;4658;0,65;1,26;00;RDG;510;0,07;0,14;00;NUP;113236;15,90;30,72;00;DVG;4103;0,58;1,11;00;ECO;4944;0,69;1,34;00;DIV;2388;0,34;0,65;00;REG;11771;1,65;3,19;00;ENS;119680;16,81;32,47;00;DVC;8295;1,16;2,25;00;UDI;4971;0,70;1,35;00;LR;30297;4,26;8,22;00;DVD;2266;0,32;0,61;00;DSV;2805;0,39;0,76;00;REC;11513;1,62;3,12;00;RN;47172;6,63;12,80;00
30;Gard;Complet;557285;294762;52,89;262523;47,11;3935;0,71;1,50;1479;0,27;0,56;257109;46,14;97,94;DXG;2675;0,48;1,04;00;RDG;1526;0,27;0,59;00;NUP;65610;11,77;25,52;00;DVG;1109;0,20;0,43;00;ECO;8270;1,48;3,22;00;DIV;1358;0,24;0,53;00;REG;2598;0,47;1,01;00;ENS;60667;10,89;23,60;00;DVC;1344;0,24;0,52;00;UDI;1400;0,25;0,54;00;LR;16287;2,92;6,33;00;DVD;2579;0,46;1,00;00;DSV;2365;0,42;0,92;00;REC;14296;2,57;5,56;00;RN;75025;13,46;29,18;00
31;Haute-Garonne;Complet;937729;436251;46,52;501478;53,48;7098;0,76;1,42;3019;0,32;0,60;491361;52,40;97,98;DXG;3964;0,42;0,81;00;RDG;6448;0,69;1,31;00;NUP;153424;16,36;31,22;00;DVG;34722;3,70;7,07;00;ECO;13903;1,48;2,83;00;DIV;2269;0,24;0,46;00;REG;4289;0,46;0,87;00;ENS;133853;14,27;27,24;00;DVC;2013;0,21;0,41;00;LR;26476;2,82;5,39;00;DVD;7211;0,77;1,47;00;DSV;3479;0,37;0,71;00;REC;20930;2,23;4,26;00;RN;78380;8,36;15,95;00
32;Gers;Complet;147656;64273;43,53;83383;56,47;1804;1,22;2,16;760;0,51;0,91;80819;54,73;96,93;DXG;654;0,44;0,81;00;RDG;4060;2,75;5,02;00;NUP;17343;11,75;21,46;00;DVG;9816;6,65;12,15;00;ECO;1854;1,26;2,29;00;DIV;585;0,40;0,72;00;REG;848;0,57;1,05;00;ENS;20537;13,91;25,41;00;LR;4874;3,30;6,03;00;DSV;1269;0,86;1,57;00;REC;3801;2,57;4,70;00;RN;15178;10,28;18,78;00
33;Gironde;Complet;1165194;574503;49,31;590691;50,69;8970;0,77;1,52;3377;0,29;0,57;578344;49,63;97,91;DXG;6298;0,54;1,09;00;RDG;8477;0,73;1,47;00;NUP;173442;14,89;29,99;00;DVG;9305;0,80;1,61;00;ECO;12993;1,12;2,25;00;DIV;4178;0,36;0,72;00;ENS;176611;15,16;30,54;00;DVC;2150;0,18;0,37;00;UDI;1335;0,11;0,23;00;LR;26886;2,31;4,65;00;DVD;12731;1,09;2,20;00;DSV;5090;0,44;0,88;00;REC;24731;2,12;4,28;00;RN;114117;9,79;19,73;00
34;Hérault;Complet;852554;443480;52,02;409074;47,98;5392;0,63;1,32;2189;0,26;0,54;401493;47,09;98,15;DXG;2184;0,26;0,54;00;RDG;18748;2,20;4,67;00;NUP;105721;12,40;26,33;00;DVG;16967;1,99;4,23;00;ECO;13774;1,62;3,43;00;DIV;479;0,06;0,12;00;REG;185;0,02;0,05;00;ENS;87052;10,21;21,68;00;DVC;2445;0,29;0,61;00;UDI;2200;0,26;0,55;00;LR;10206;1,20;2,54;00;DVD;31658;3,71;7,89;00;DSV;4185;0,49;1,04;00;REC;22454;2,63;5,59;00;RN;83235;9,76;20,73;00
35;Ille-et-Vilaine;Complet;775494;365275;47,10;410219;52,90;6411;0,83;1,56;2596;0,33;0,63;401212;51,74;97,80;DXG;4569;0,59;1,14;00;NUP;132936;17,14;33,13;00;DVG;5210;0,67;1,30;00;ECO;7320;0,94;1,82;00;DIV;2766;0,36;0,69;00;REG;7110;0,92;1,77;00;ENS;139362;17,97;34,74;00;DVC;2898;0,37;0,72;00;LR;33446;4,31;8,34;00;DSV;4129;0,53;1,03;00;REC;11820;1,52;2,95;00;RN;49646;6,40;12,37;00
36;Indre;Complet;166141;82098;49,41;84043;50,59;1719;1,03;2,05;834;0,50;0,99;81490;49,05;96,96;DXG;1578;0,95;1,94;00;NUP;18128;10,91;22,25;00;ECO;1182;0,71;1,45;00;ENS;18344;11,04;22,51;00;LR;18091;10,89;22,20;00;DVD;1659;1,00;2,04;00;DSV;601;0,36;0,74;00;REC;3137;1,89;3,85;00;RN;18770;11,30;23,03;00
37;Indre-et-Loire;Complet;442173;217025;49,08;225148;50,92;3281;0,74;1,46;1343;0,30;0,60;220524;49,87;97,95;DXG;3447;0,78;1,56;00;NUP;59858;13,54;27,14;00;ECO;10292;2,33;4,67;00;DIV;457;0,10;0,21;00;ENS;63615;14,39;28,85;00;DVC;1112;0,25;0,50;00;UDI;10448;2,36;4,74;00;LR;17905;4,05;8,12;00;DVD;2248;0,51;1,02;00;DSV;626;0,14;0,28;00;REC;9054;2,05;4,11;00;RN;41462;9,38;18,80;00
38;Isčre;Complet;889772;449472;50,52;440300;49,48;5702;0,64;1,30;1815;0,20;0,41;432783;48,64;98,29;DXG;4781;0,54;1,10;00;NUP;132151;14,85;30,54;00;DVG;6894;0,77;1,59;00;ECO;14708;1,65;3,40;00;DIV;649;0,07;0,15;00;REG;111;0,01;0,03;00;ENS;119348;13,41;27,58;00;LR;42123;4,73;9,73;00;DVD;3391;0,38;0,78;00;DSV;5449;0,61;1,26;00;REC;18861;2,12;4,36;00;RN;84317;9,48;19,48;00
39;Jura;Complet;191197;92686;48,48;98511;51,52;1618;0,85;1,64;728;0,38;0,74;96165;50,30;97,62;DXG;1307;0,68;1,36;00;NUP;24983;13,07;25,98;00;DVG;1589;0,83;1,65;00;ENS;22643;11,84;23,55;00;DVC;289;0,15;0,30;00;LR;19847;10,38;20,64;00;DVD;1123;0,59;1,17;00;DSV;1117;0,58;1,16;00;REC;3074;1,61;3,20;00;RN;20193;10,56;21,00;00
40;Landes;Complet;331019;152480;46,06;178539;53,94;3721;1,12;2,08;1316;0,40;0,74;173502;52,41;97,18;DXG;1912;0,58;1,10;00;NUP;53877;16,28;31,05;00;DVG;2281;0,69;1,31;00;ECO;1567;0,47;0,90;00;REG;1692;0,51;0,98;00;ENS;53464;16,15;30,81;00;DVC;8473;2,56;4,88;00;LR;9373;2,83;5,40;00;DVD;1237;0,37;0,71;00;DSV;1392;0,42;0,80;00;REC;6560;1,98;3,78;00;RN;31674;9,57;18,26;00
41;Loir-et-Cher;Complet;244947;119597;48,83;125350;51,17;2144;0,88;1,71;897;0,37;0,72;122309;49,93;97,57;DXG;1651;0,67;1,35;00;RDG;1299;0,53;1,06;00;NUP;24720;10,09;20,21;00;ECO;569;0,23;0,47;00;DIV;1488;0,61;1,22;00;ENS;31352;12,80;25,63;00;DVC;3345;1,37;2,73;00;UDI;9161;3,74;7,49;00;LR;9839;4,02;8,04;00;DVD;780;0,32;0,64;00;DSV;539;0,22;0,44;00;REC;8859;3,62;7,24;00;RN;28707;11,72;23,47;00
42;Loire;Complet;516425;268493;51,99;247932;48,01;3534;0,68;1,43;1135;0,22;0,46;243263;47,11;98,12;DXG;2950;0,57;1,21;00;RDG;3744;0,72;1,54;00;NUP;55358;10,72;22,76;00;DVG;7120;1,38;2,93;00;ECO;5089;0,99;2,09;00;DIV;325;0,06;0,13;00;ENS;57184;11,07;23,51;00;DVC;1234;0,24;0,51;00;UDI;1288;0,25;0,53;00;LR;46631;9,03;19,17;00;DVD;376;0,07;0,15;00;DSV;2618;0,51;1,08;00;REC;10840;2,10;4,46;00;RN;48252;9,34;19,84;00;DXD;254;0,05;0,10;00
43;Haute-Loire;Complet;181100;85494;47,21;95606;52,79;1366;0,75;1,43;579;0,32;0,61;93661;51,72;97,97;DXG;892;0,49;0,95;00;NUP;18099;9,99;19,32;00;ECO;3380;1,87;3,61;00;DIV;156;0,09;0,17;00;REG;367;0,20;0,39;00;ENS;12223;6,75;13,05;00;LR;42564;23,50;45,44;00;DSV;495;0,27;0,53;00;REC;2409;1,33;2,57;00;RN;13076;7,22;13,96;00
44;Loire-Atlantique;Complet;1060931;517480;48,78;543451;51,22;8738;0,82;1,61;2958;0,28;0,54;531755;50,12;97,85;DXG;6433;0,61;1,21;00;NUP;182739;17,22;34,37;00;DVG;8808;0,83;1,66;00;ECO;11758;1,11;2,21;00;DIV;1620;0,15;0,30;00;REG;7678;0,72;1,44;00;ENS;153407;14,46;28,85;00;DVC;18000;1,70;3,39;00;UDI;3792;0,36;0,71;00;LR;39521;3,73;7,43;00;DVD;6375;0,60;1,20;00;DSV;6889;0,65;1,30;00;REC;19183;1,81;3,61;00;RN;65552;6,18;12,33;00
45;Loiret;Complet;459420;233165;50,75;226255;49,25;3482;0,76;1,54;1343;0,29;0,59;221430;48,20;97,87;DXG;2967;0,65;1,34;00;NUP;50863;11,07;22,97;00;DVG;2013;0,44;0,91;00;ECO;4464;0,97;2,02;00;DIV;3064;0,67;1,38;00;ENS;59434;12,94;26,84;00;UDI;4621;1,01;2,09;00;LR;24383;5,31;11,01;00;DVD;6819;1,48;3,08;00;DSV;1493;0,32;0,67;00;REC;8746;1,90;3,95;00;RN;52563;11,44;23,74;00
46;Lot;Complet;139528;56662;40,61;82866;59,39;1197;0,86;1,44;688;0,49;0,83;80981;58,04;97,73;DXG;592;0,42;0,73;00;NUP;18590;13,32;22,96;00;DVG;17098;12,25;21,11;00;ECO;342;0,25;0,42;00;DIV;957;0,69;1,18;00;ENS;9103;6,52;11,24;00;DVC;692;0,50;0,85;00;LR;22471;16,11;27,75;00;DVD;228;0,16;0,28;00;REC;2329;1,67;2,88;00;RN;8579;6,15;10,59;00
47;Lot-et-Garonne;Complet;242111;114611;47,34;127500;52,66;2606;1,08;2,04;1224;0,51;0,96;123670;51,08;97,00;DXG;1600;0,66;1,29;00;RDG;866;0,36;0,70;00;NUP;31066;12,83;25,12;00;ECO;2014;0,83;1,63;00;REG;321;0,13;0,26;00;ENS;31370;12,96;25,37;00;DVC;908;0,38;0,73;00;LR;10242;4,23;8,28;00;DVD;3039;1,26;2,46;00;DSV;1051;0,43;0,85;00;REC;6505;2,69;5,26;00;RN;34411;14,21;27,82;00;DXD;277;0,11;0,22;00
48;Lozčre;Complet;59915;24942;41,63;34973;58,37;673;1,12;1,92;310;0,52;0,89;33990;56,73;97,19;DXG;267;0,45;0,79;00;NUP;8637;14,42;25,41;00;ECO;339;0,57;1,00;00;DIV;2876;4,80;8,46;00;ENS;5996;10,01;17,64;00;UDI;6371;10,63;18,74;00;DVD;4663;7,78;13,72;00;REC;1137;1,90;3,35;00;RN;3704;6,18;10,90;00
49;Maine-et-Loire;Complet;591475;301940;51,05;289535;48,95;5697;0,96;1,97;2038;0,34;0,70;281800;47,64;97,33;DXG;3821;0,65;1,36;00;RDG;954;0,16;0,34;00;NUP;75940;12,84;26,95;00;DVG;2748;0,46;0,98;00;ECO;4343;0,73;1,54;00;DIV;2869;0,49;1,02;00;ENS;96987;16,40;34,42;00;DVC;7700;1,30;2,73;00;UDI;2833;0,48;1,01;00;LR;17328;2,93;6,15;00;DVD;8278;1,40;2,94;00;DSV;4043;0,68;1,43;00;REC;10162;1,72;3,61;00;RN;43794;7,40;15,54;00
50;Manche;Complet;384761;192319;49,98;192442;50,02;3109;0,81;1,62;1119;0,29;0,58;188214;48,92;97,80;DXG;2068;0,54;1,10;00;NUP;43582;11,33;23,16;00;DVG;489;0,13;0,26;00;ECO;5332;1,39;2,83;00;ENS;59383;15,43;31,55;00;DVC;1303;0,34;0,69;00;UDI;923;0,24;0,49;00;LR;28638;7,44;15,22;00;DVD;6092;1,58;3,24;00;DSV;1811;0,47;0,96;00;REC;5454;1,42;2,90;00;RN;33139;8,61;17,61;00
51;Marne;Complet;382187;207127;54,20;175060;45,80;2347;0,61;1,34;1891;0,49;1,08;170822;44,70;97,58;DXG;2313;0,61;1,35;00;NUP;31885;8,34;18,67;00;ECO;5590;1,46;3,27;00;DIV;1304;0,34;0,76;00;ENS;41522;10,86;24,31;00;DVC;4103;1,07;2,40;00;LR;15170;3,97;8,88;00;DVD;16329;4,27;9,56;00;DSV;2335;0,61;1,37;00;REC;6836;1,79;4,00;00;RN;43435;11,36;25,43;00
52;Haute-Marne;Complet;129486;65908;50,90;63578;49,10;889;0,69;1,40;382;0,30;0,60;62307;48,12;98,00;DXG;679;0,52;1,09;00;NUP;9060;7,00;14,54;00;DVG;752;0,58;1,21;00;DIV;3635;2,81;5,83;00;ENS;10464;8,08;16,79;00;LR;12346;9,53;19,81;00;DVD;2535;1,96;4,07;00;DSV;802;0,62;1,29;00;REC;1627;1,26;2,61;00;RN;20407;15,76;32,75;00
53;Mayenne;Complet;225216;115896;51,46;109320;48,54;2157;0,96;1,97;961;0,43;0,88;106202;47,16;97,15;DXG;1434;0,64;1,35;00;NUP;33009;14,66;31,08;00;ECO;433;0,19;0,41;00;ENS;37621;16,70;35,42;01;DVC;7053;3,13;6,64;00;LR;5121;2,27;4,82;00;DSV;1579;0,70;1,49;00;REC;3907;1,73;3,68;00;RN;16045;7,12;15,11;00
54;Meurthe-et-Moselle;Complet;493944;268472;54,35;225472;45,65;3049;0,62;1,35;1117;0,23;0,50;221306;44,80;98,15;DXG;3862;0,78;1,75;00;NUP;52043;10,54;23,52;00;DVG;19904;4,03;8,99;00;ECO;4765;0,96;2,15;00;DIV;820;0,17;0,37;00;REG;20;0,00;0,01;00;ENS;50179;10,16;22,67;00;DVC;1736;0,35;0,78;00;UDI;2753;0,56;1,24;00;LR;24353;4,93;11,00;00;DVD;683;0,14;0,31;00;DSV;2210;0,45;1,00;00;REC;8279;1,68;3,74;00;RN;49699;10,06;22,46;00
55;Meuse;Complet;135160;71240;52,71;63920;47,29;1054;0,78;1,65;397;0,29;0,62;62469;46,22;97,73;DXG;701;0,52;1,12;00;NUP;10590;7,84;16,95;00;DVG;1822;1,35;2,92;00;ECO;1772;1,31;2,84;00;REG;259;0,19;0,41;00;ENS;9898;7,32;15,84;00;DVC;659;0,49;1,05;00;LR;3588;2,65;5,74;00;DVD;10826;8,01;17,33;00;DSV;792;0,59;1,27;00;REC;1953;1,44;3,13;00;RN;19609;14,51;31,39;00
56;Morbihan;Complet;611168;289880;47,43;321288;52,57;4588;0,75;1,43;1806;0,30;0,56;314894;51,52;98,01;DXG;3375;0,55;1,07;00;NUP;76683;12,55;24,35;00;DVG;2389;0,39;0,76;00;ECO;5465;0,89;1,74;00;DIV;437;0,07;0,14;00;REG;30738;5,03;9,76;00;ENS;90831;14,86;28,84;00;DVC;2772;0,45;0,88;00;UDI;2052;0,34;0,65;00;LR;17855;2,92;5,67;00;DVD;16635;2,72;5,28;00;DSV;3961;0,65;1,26;00;REC;11667;1,91;3,71;00;RN;50034;8,19;15,89;00
57;Moselle;Complet;747761;439550;58,78;308211;41,22;4864;0,65;1,58;1544;0,21;0,50;301803;40,36;97,92;DXG;4026;0,54;1,33;00;RDG;1435;0,19;0,48;00;NUP;62106;8,31;20,58;00;DVG;9240;1,24;3,06;00;ECO;3565;0,48;1,18;00;DIV;1585;0,21;0,53;00;ENS;67650;9,05;22,42;00;DVC;7132;0,95;2,36;00;LR;44848;6,00;14,86;00;DVD;5128;0,69;1,70;00;DSV;5894;0,79;1,95;00;REC;12215;1,63;4,05;00;RN;76979;10,29;25,51;00
58;Ničvre;Complet;154420;76511;49,55;77909;50,45;1680;1,09;2,16;686;0,44;0,88;75543;48,92;96,96;DXG;1703;1,10;2,25;00;NUP;18867;12,22;24,98;00;DVG;601;0,39;0,80;00;ECO;625;0,40;0,83;00;DIV;172;0,11;0,23;00;ENS;22297;14,44;29,52;00;LR;6220;4,03;8,23;00;DSV;1685;1,09;2,23;00;REC;2730;1,77;3,61;00;RN;20643;13,37;27,33;00
59;Nord;Complet;1820180;1009820;55,48;810360;44,52;12015;0,66;1,48;4554;0,25;0,56;793791;43,61;97,96;DXG;11668;0,64;1,47;00;RDG;3279;0,18;0,41;00;NUP;209937;11,53;26,45;00;DVG;10091;0,55;1,27;00;ECO;22533;1,24;2,84;00;DIV;5333;0,29;0,67;00;ENS;189373;10,40;23,86;00;DVC;4862;0,27;0,61;00;UDI;19371;1,06;2,44;00;LR;57038;3,13;7,19;00;DVD;33078;1,82;4,17;00;DSV;6356;0,35;0,80;00;REC;26008;1,43;3,28;00;RN;194864;10,71;24,55;00
60;Oise;Complet;565641;300275;53,09;265366;46,91;3710;0,66;1,40;1448;0,26;0,55;260208;46,00;98,06;DXG;3314;0,59;1,27;00;RDG;755;0,13;0,29;00;NUP;52633;9,31;20,23;00;DVG;1196;0,21;0,46;00;ECO;7905;1,40;3,04;00;ENS;51958;9,19;19,97;00;DVC;3303;0,58;1,27;00;UDI;3545;0,63;1,36;00;LR;44085;7,79;16,94;00;DVD;4838;0,86;1,86;00;DSV;3466;0,61;1,33;00;REC;10550;1,87;4,05;00;RN;72452;12,81;27,84;00;DXD;208;0,04;0,08;00
61;Orne;Complet;205756;102832;49,98;102924;50,02;1794;0,87;1,74;653;0,32;0,63;100477;48,83;97,62;DXG;1476;0,72;1,47;00;NUP;19856;9,65;19,76;00;DVG;719;0,35;0,72;00;ECO;1044;0,51;1,04;00;DIV;1993;0,97;1,98;00;ENS;16921;8,22;16,84;00;DVC;2535;1,23;2,52;00;LR;30040;14,60;29,90;00;DSV;1546;0,75;1,54;00;REC;3422;1,66;3,41;00;RN;20925;10,17;20,83;00
62;Pas-de-Calais;Complet;1096020;587762;53,63;508258;46,37;8220;0,75;1,62;4409;0,40;0,87;495629;45,22;97,52;DXG;7798;0,71;1,57;00;RDG;5789;0,53;1,17;00;NUP;99458;9,07;20,07;00;DVG;24385;2,22;4,92;00;ECO;12046;1,10;2,43;00;DIV;1814;0,17;0,37;00;REG;1034;0,09;0,21;00;ENS;108614;9,91;21,91;00;UDI;7239;0,66;1,46;00;LR;36539;3,33;7,37;00;DVD;4882;0,45;0,99;00;DSV;4193;0,38;0,85;00;REC;13140;1,20;2,65;00;RN;167840;15,31;33,86;00;DXD;858;0,08;0,17;00
63;Puy-de-Dôme;Complet;469921;227485;48,41;242436;51,59;4072;0,87;1,68;1609;0,34;0,66;236755;50,38;97,66;DXG;2931;0,62;1,24;00;RDG;2045;0,44;0,86;00;NUP;88834;18,90;37,52;00;DVG;3340;0,71;1,41;00;ECO;3563;0,76;1,50;00;REG;238;0,05;0,10;00;ENS;55035;11,71;23,25;00;DVC;2217;0,47;0,94;00;LR;30822;6,56;13,02;00;DVD;1971;0,42;0,83;00;DSV;1567;0,33;0,66;00;REC;6611;1,41;2,79;00;RN;37581;8,00;15,87;00
64;Pyrénées-Atlantiques;Complet;521933;246604;47,25;275329;52,75;5060;0,97;1,84;1768;0,34;0,64;268501;51,44;97,52;DXG;2851;0,55;1,06;00;NUP;64589;12,37;24,06;00;DVG;17939;3,44;6,68;00;ECO;9016;1,73;3,36;00;DIV;18550;3,55;6,91;00;REG;17570;3,37;6,54;00;ENS;69258;13,27;25,79;00;DVC;3087;0,59;1,15;00;LR;12669;2,43;4,72;00;DVD;3088;0,59;1,15;00;DSV;1639;0,31;0,61;00;REC;12259;2,35;4,57;00;RN;35986;6,89;13,40;00
65;Hautes-Pyrénées;Complet;177792;82967;46,67;94825;53,33;1629;0,92;1,72;685;0,39;0,72;92511;52,03;97,56;DXG;777;0,44;0,84;00;RDG;6555;3,69;7,09;00;NUP;22044;12,40;23,83;00;DVG;10213;5,74;11,04;00;ECO;1941;1,09;2,10;00;DIV;3742;2,10;4,04;00;REG;465;0,26;0,50;00;ENS;21899;12,32;23,67;00;LR;5098;2,87;5,51;00;DSV;547;0,31;0,59;00;REC;3351;1,88;3,62;00;RN;15879;8,93;17,16;00
66;Pyrénées-Orientales;Complet;363338;189231;52,08;174107;47,92;2962;0,82;1,70;1229;0,34;0,71;169916;46,77;97,59;DXG;2086;0,57;1,23;00;NUP;38645;10,64;22,74;00;DVG;4727;1,30;2,78;00;ECO;1830;0,50;1,08;00;DIV;2435;0,67;1,43;00;REG;4554;1,25;2,68;00;ENS;38352;10,56;22,57;00;LR;10736;2,95;6,32;00;DVD;616;0,17;0,36;00;DSV;2438;0,67;1,43;00;REC;9221;2,54;5,43;00;RN;54276;14,94;31,94;00
67;Bas-Rhin;Complet;784371;422354;53,85;362017;46,15;4122;0,53;1,14;1642;0,21;0,45;356253;45,42;98,41;DXG;2392;0,30;0,67;00;RDG;857;0,11;0,24;00;NUP;72443;9,24;20,33;00;DVG;3649;0,47;1,02;00;ECO;12602;1,61;3,54;00;DIV;8484;1,08;2,38;00;REG;18885;2,41;5,30;00;ENS;98888;12,61;27,76;00;UDI;13248;1,69;3,72;00;LR;34800;4,44;9,77;00;DVD;9836;1,25;2,76;00;DSV;3415;0,44;0,96;00;REC;10606;1,35;2,98;00;RN;66148;8,43;18,57;00
68;Haut-Rhin;Complet;533448;299722;56,19;233726;43,81;3401;0,64;1,46;1294;0,24;0,55;229031;42,93;97,99;DXG;1527;0,29;0,67;00;RDG;831;0,16;0,36;00;NUP;37028;6,94;16,17;00;DVG;320;0,06;0,14;00;ECO;12142;2,28;5,30;00;DIV;4314;0,81;1,88;00;REG;9288;1,74;4,06;00;ENS;64892;12,16;28,33;00;DVC;3811;0,71;1,66;00;LR;34406;6,45;15,02;00;DVD;198;0,04;0,09;00;DSV;4291;0,80;1,87;00;REC;8227;1,54;3,59;00;RN;47756;8,95;20,85;00
69;Rhône;Complet;1192473;589283;49,42;603190;50,58;6110;0,51;1,01;2045;0,17;0,34;595035;49,90;98,65;DXG;5124;0,43;0,86;00;RDG;6402;0,54;1,08;00;NUP;168215;14,11;28,27;00;DVG;5216;0,44;0,88;00;ECO;18870;1,58;3,17;00;DIV;5994;0,50;1,01;00;REG;3892;0,33;0,65;00;ENS;176135;14,77;29,60;00;DVC;1168;0,10;0,20;00;UDI;700;0,06;0,12;00;LR;89420;7,50;15,03;00;DVD;1190;0,10;0,20;00;DSV;6868;0,58;1,15;00;REC;34541;2,90;5,80;00;RN;71300;5,98;11,98;00
70;Haute-Saône;Complet;178147;85883;48,21;92264;51,79;1690;0,95;1,83;1113;0,62;1,21;89461;50,22;96,96;DXG;1752;0,98;1,96;00;NUP;17719;9,95;19,81;00;ECO;1325;0,74;1,48;00;ENS;21508;12,07;24,04;00;UDI;4338;2,44;4,85;00;LR;8946;5,02;10,00;00;DVD;1110;0,62;1,24;00;DSV;897;0,50;1,00;00;REC;3851;2,16;4,30;00;RN;28015;15,73;31,32;00
71;Saône-et-Loire;Complet;404035;206440;51,09;197595;48,91;3397;0,84;1,72;1460;0,36;0,74;192738;47,70;97,54;DXG;3326;0,82;1,73;00;RDG;2061;0,51;1,07;00;NUP;48616;12,03;25,22;00;DVG;99;0,02;0,05;00;ECO;2110;0,52;1,09;00;DIV;493;0,12;0,26;00;ENS;49200;12,18;25,53;00;LR;29281;7,25;15,19;00;DVD;5575;1,38;2,89;00;DSV;3077;0,76;1,60;00;REC;7320;1,81;3,80;00;RN;41580;10,29;21,57;00
72;Sarthe;Complet;412098;223413;54,21;188685;45,79;4426;1,07;2,35;1163;0,28;0,62;183096;44,43;97,04;DXG;2505;0,61;1,37;00;NUP;44410;10,78;24,26;00;DVG;17640;4,28;9,63;00;ECO;1792;0,43;0,98;00;DIV;1676;0,41;0,92;00;ENS;45248;10,98;24,71;00;UDI;424;0,10;0,23;00;LR;19304;4,68;10,54;00;DSV;3267;0,79;1,78;00;REC;6232;1,51;3,40;00;RN;40598;9,85;22,17;00
73;Savoie;Complet;322213;160458;49,80;161755;50,20;1888;0,59;1,17;764;0,24;0,47;159103;49,38;98,36;DXG;1262;0,39;0,79;00;NUP;39909;12,39;25,08;00;ECO;4657;1,45;2,93;00;DIV;4146;1,29;2,61;00;REG;595;0,18;0,37;00;ENS;34571;10,73;21,73;00;LR;33180;10,30;20,85;00;DVD;2646;0,82;1,66;00;DSV;3421;1,06;2,15;00;REC;4684;1,45;2,94;00;RN;30032;9,32;18,88;00
74;Haute-Savoie;Complet;569497;309354;54,32;260143;45,68;3133;0,55;1,20;1081;0,19;0,42;255929;44,94;98,38;DXG;1656;0,29;0,65;00;NUP;57388;10,08;22,42;00;ECO;12382;2,17;4,84;00;DIV;1687;0,30;0,66;00;REG;6263;1,10;2,45;00;ENS;71087;12,48;27,78;00;UDI;3838;0,67;1,50;00;LR;34931;6,13;13,65;00;DVD;11969;2,10;4,68;00;DSV;3298;0,58;1,29;00;REC;10939;1,92;4,27;00;RN;40491;7,11;15,82;00
75;Paris;Complet;1362500;608029;44,63;754471;55,37;7454;0,55;0,99;2655;0,19;0,35;744362;54,63;98,66;DXG;5714;0,42;0,77;00;RDG;3328;0,24;0,45;00;NUP;280578;20,59;37,69;03;DVG;19281;1,42;2,59;00;ECO;18366;1,35;2,47;00;DIV;8774;0,64;1,18;00;REG;675;0,05;0,09;00;ENS;239231;17,56;32,14;00;DVC;3924;0,29;0,53;00;UDI;7181;0,53;0,96;00;LR;76520;5,62;10,28;00;DVD;12260;0,90;1,65;00;DSV;1720;0,13;0,23;00;REC;38176;2,80;5,13;00;RN;28634;2,10;3,85;00
76;Seine-Maritime;Complet;882708;451694;51,17;431014;48,83;7869;0,89;1,83;1964;0,22;0,46;421181;47,71;97,72;DXG;5721;0,65;1,36;00;NUP;124935;14,15;29,66;00;DVG;20784;2,35;4,93;00;ECO;9500;1,08;2,26;00;DIV;4488;0,51;1,07;00;ENS;112486;12,74;26,71;00;DVC;3173;0,36;0,75;00;UDI;277;0,03;0,07;00;LR;15567;1,76;3,70;00;DVD;8689;0,98;2,06;00;DSV;4222;0,48;1,00;00;REC;14274;1,62;3,39;00;RN;97065;11,00;23,05;00
77;Seine-et-Marne;Complet;904849;504653;55,77;400196;44,23;6448;0,71;1,61;1797;0,20;0,45;391951;43,32;97,94;DXG;5295;0,59;1,35;00;RDG;0;0,00;0,00;00;NUP;111828;12,36;28,53;00;DVG;3976;0,44;1,01;00;ECO;14364;1,59;3,66;00;DIV;1680;0,19;0,43;00;REG;524;0,06;0,13;00;ENS;88043;9,73;22,46;00;DVC;5290;0,58;1,35;00;UDI;1256;0,14;0,32;00;LR;49304;5,45;12,58;00;DVD;538;0,06;0,14;00;DSV;6680;0,74;1,70;00;REC;17979;1,99;4,59;00;RN;85194;9,42;21,74;00
78;Yvelines;Complet;965211;464594;48,13;500617;51,87;6023;0,62;1,20;1868;0,19;0,37;492726;51,05;98,42;DXG;4647;0,48;0,94;00;NUP;120692;12,50;24,49;00;DVG;328;0,03;0,07;00;ECO;22547;2,34;4,58;00;DIV;5425;0,56;1,10;00;ENS;166826;17,28;33,86;00;DVC;1268;0,13;0,26;00;UDI;6678;0,69;1,36;00;LR;55135;5,71;11,19;00;DVD;12929;1,34;2,62;00;DSV;4896;0,51;0,99;00;REC;34035;3,53;6,91;00;RN;57320;5,94;11,63;00
79;Deux-Sčvres;Complet;274099;137555;50,18;136544;49,82;2466;0,90;1,81;1125;0,41;0,82;132953;48,51;97,37;DXG;1617;0,59;1,22;00;NUP;39231;14,31;29,51;00;DVG;3492;1,27;2,63;00;ECO;1517;0,55;1,14;00;DIV;1311;0,48;0,99;00;ENS;39297;14,34;29,56;00;DVC;7884;2,88;5,93;00;UDI;1704;0,62;1,28;00;LR;9187;3,35;6,91;00;DSV;748;0,27;0,56;00;REC;4079;1,49;3,07;00;RN;22886;8,35;17,21;00
80;Somme;Complet;411078;208557;50,73;202521;49,27;3853;0,94;1,90;1256;0,31;0,62;197412;48,02;97,48;DXG;3138;0,76;1,59;00;NUP;49107;11,95;24,88;00;DVG;520;0,13;0,26;00;ECO;3407;0,83;1,73;00;ENS;44328;10,78;22,45;00;DVC;1522;0,37;0,77;00;UDI;3217;0,78;1,63;00;LR;26549;6,46;13,45;00;DVD;3366;0,82;1,71;00;DSV;1883;0,46;0,95;00;REC;5933;1,44;3,01;00;RN;54442;13,24;27,58;00
81;Tarn;Complet;299152;136596;45,66;162556;54,34;2933;0,98;1,80;1584;0,53;0,97;158039;52,83;97,22;DXG;1340;0,45;0,85;00;RDG;4436;1,48;2,81;00;NUP;39237;13,12;24,83;00;DVG;6341;2,12;4,01;00;ECO;3427;1,15;2,17;00;DIV;11;0,00;0,01;00;REG;4017;1,34;2,54;00;ENS;37368;12,49;23,64;00;LR;10852;3,63;6,87;00;DVD;8391;2,80;5,31;00;DSV;1495;0,50;0,95;00;REC;6083;2,03;3,85;00;RN;35041;11,71;22,17;00
82;Tarn-et-Garonne;Complet;189336;90551;47,83;98785;52,17;1695;0,90;1,72;813;0,43;0,82;96277;50,85;97,46;DXG;1284;0,68;1,33;00;RDG;9892;5,22;10,27;00;NUP;25035;13,22;26,00;00;DVG;3774;1,99;3,92;00;DIV;2367;1,25;2,46;00;REG;249;0,13;0,26;00;ENS;18279;9,65;18,99;00;LR;4378;2,31;4,55;00;DSV;564;0,30;0,59;00;REC;4658;2,46;4,84;00;RN;25797;13,62;26,79;00
83;Var;Complet;824799;443202;53,73;381597;46,27;4847;0,59;1,27;1820;0,22;0,48;374930;45,46;98,25;DXG;2351;0,29;0,63;00;NUP;60644;7,35;16,17;00;DVG;1185;0,14;0,32;00;ECO;17466;2,12;4,66;00;DIV;2649;0,32;0,71;00;REG;2077;0,25;0,55;00;ENS;101482;12,30;27,07;00;DVC;675;0,08;0,18;00;LR;27106;3,29;7,23;00;DVD;793;0,10;0,21;00;DSV;4872;0,59;1,30;00;REC;41041;4,98;10,95;00;RN;111820;13,56;29,82;00;DXD;769;0,09;0,21;00
84;Vaucluse;Complet;413261;219377;53,08;193884;46,92;2986;0,72;1,54;1064;0,26;0,55;189834;45,94;97,91;DXG;1894;0,46;1,00;00;NUP;41676;10,08;21,95;00;DVG;705;0,17;0,37;00;ECO;8204;1,99;4,32;00;DIV;572;0,14;0,30;00;REG;1062;0,26;0,56;00;ENS;45027;10,90;23,72;00;DVC;566;0,14;0,30;00;LR;18070;4,37;9,52;00;DVD;752;0,18;0,40;00;DSV;1537;0,37;0,81;00;REC;10032;2,43;5,28;00;RN;59737;14,46;31,47;00
85;Vendée;Complet;552841;280988;50,83;271853;49,17;4691;0,85;1,73;2152;0,39;0,79;265010;47,94;97,48;DXG;2938;0,53;1,11;00;NUP;53464;9,67;20,17;00;DVG;1219;0,22;0,46;00;ECO;10761;1,95;4,06;00;DIV;73;0,01;0,03;00;ENS;80712;14,60;30,46;00;DVC;2195;0,40;0,83;00;LR;33623;6,08;12,69;00;DVD;23553;4,26;8,89;00;DSV;4178;0,76;1,58;00;REC;5848;1,06;2,21;00;RN;46446;8,40;17,53;00
86;Vienne;Complet;306912;149730;48,79;157182;51,21;3039;0,99;1,93;1306;0,43;0,83;152837;49,80;97,24;DXG;2405;0,78;1,57;00;RDG;1881;0,61;1,23;00;NUP;42888;13,97;28,06;00;DVG;4410;1,44;2,89;00;ECO;3522;1,15;2,30;00;DIV;268;0,09;0,18;00;REG;5;0,00;0,00;00;ENS;47198;15,38;30,88;00;UDI;5324;1,73;3,48;00;LR;2362;0,77;1,55;00;DVD;3846;1,25;2,52;00;DSV;2322;0,76;1,52;00;REC;5891;1,92;3,85;00;RN;29331;9,56;19,19;00;DXD;1184;0,39;0,77;00
87;Haute-Vienne;Complet;264506;123341;46,63;141165;53,37;3598;1,36;2,55;2127;0,80;1,51;135440;51,20;95,94;DXG;2521;0,95;1,86;00;NUP;46135;17,44;34,06;00;DVG;1551;0,59;1,15;00;DIV;867;0,33;0,64;00;REG;1136;0,43;0,84;00;ENS;28248;10,68;20,86;00;DVC;9934;3,76;7,33;00;LR;11895;4,50;8,78;00;DVD;1537;0,58;1,13;00;REC;5371;2,03;3,97;00;RN;26245;9,92;19,38;00
88;Vosges;Complet;278548;141142;50,67;137406;49,33;2144;0,77;1,56;857;0,31;0,62;134405;48,25;97,82;DXG;1609;0,58;1,20;00;NUP;23593;8,47;17,55;00;DVG;5954;2,14;4,43;00;ECO;2194;0,79;1,63;00;DIV;181;0,06;0,13;00;REG;251;0,09;0,19;00;ENS;23920;8,59;17,80;00;LR;24327;8,73;18,10;00;DVD;15816;5,68;11,77;00;DSV;2452;0,88;1,82;00;REC;2695;0,97;2,01;00;RN;31413;11,28;23,37;00
89;Yonne;Complet;238947;119763;50,12;119184;49,88;2014;0,84;1,69;702;0,29;0,59;116468;48,74;97,72;DXG;1769;0,74;1,52;00;NUP;25054;10,49;21,51;00;DVG;420;0,18;0,36;00;ECO;3988;1,67;3,42;00;ENS;27025;11,31;23,20;00;DVC;1013;0,42;0,87;00;LR;13297;5,56;11,42;00;DVD;2062;0,86;1,77;00;DSV;1832;0,77;1,57;00;REC;4961;2,08;4,26;00;RN;35047;14,67;30,09;00
90;Territoire de Belfort;Complet;94246;47713;50,63;46533;49,37;849;0,90;1,82;459;0,49;0,99;45225;47,99;97,19;DXG;750;0,80;1,66;00;NUP;10771;11,43;23,82;00;ECO;398;0,42;0,88;00;ENS;8805;9,34;19,47;00;UDI;3669;3,89;8,11;00;LR;6196;6,57;13,70;00;DVD;2699;2,86;5,97;00;DSV;731;0,78;1,62;00;REC;1940;2,06;4,29;00;RN;9175;9,74;20,29;00;DXD;91;0,10;0,20;00
91;Essonne;Complet;804577;420424;52,25;384153;47,75;5539;0,69;1,44;2020;0,25;0,53;376594;46,81;98,03;DXG;4300;0,53;1,14;00;NUP;122455;15,22;32,52;00;DVG;4768;0,59;1,27;00;ECO;9800;1,22;2,60;00;DIV;4398;0,55;1,17;00;REG;78;0,01;0,02;00;ENS;103333;12,84;27,44;00;DVC;1360;0,17;0,36;00;UDI;9579;1,19;2,54;00;LR;29184;3,63;7,75;00;DVD;4918;0,61;1,31;00;DSV;15966;1,98;4,24;00;REC;14928;1,86;3,96;00;RN;51527;6,40;13,68;00
92;Hauts-de-Seine;Complet;1004159;468995;46,71;535164;53,29;9441;0,94;1,76;1681;0,17;0,31;524042;52,19;97,92;DXG;5372;0,53;1,03;00;RDG;2987;0,30;0,57;00;NUP;147196;14,66;28,09;00;DVG;2783;0,28;0,53;00;ECO;18554;1,85;3,54;00;DIV;5224;0,52;1,00;00;REG;138;0,01;0,03;00;ENS;182596;18,18;34,84;00;DVC;6032;0,60;1,15;00;UDI;11228;1,12;2,14;00;LR;65832;6,56;12,56;00;DVD;10306;1,03;1,97;00;DSV;2004;0,20;0,38;00;REC;29924;2,98;5,71;00;RN;33866;3,37;6,46;00
93;Seine-Saint-Denis;Complet;800507;488852;61,07;311655;38,93;5503;0,69;1,77;1853;0,23;0,59;304299;38,01;97,64;DXG;5245;0,66;1,72;00;RDG;1008;0,13;0,33;00;NUP;139909;17,48;45,98;01;DVG;18642;2,33;6,13;00;ECO;8091;1,01;2,66;00;DIV;5213;0,65;1,71;00;REG;1132;0,14;0,37;00;ENS;50304;6,28;16,53;00;DVC;4425;0,55;1,45;00;UDI;13871;1,73;4,56;00;LR;14914;1,86;4,90;00;DVD;425;0,05;0,14;00;DSV;979;0,12;0,32;00;REC;9681;1,21;3,18;00;RN;30460;3,81;10,01;00
94;Val-de-Marne;Complet;802683;420787;52,42;381896;47,58;5219;0,65;1,37;1962;0,24;0,51;374715;46,68;98,12;DXG;5970;0,74;1,59;00;RDG;804;0,10;0,21;00;NUP;138274;17,23;36,90;00;DVG;4098;0,51;1,09;00;ECO;12593;1,57;3,36;00;DIV;3151;0,39;0,84;00;REG;435;0,05;0,12;00;ENS;98220;12,24;26,21;00;DVC;842;0,10;0,22;00;UDI;4198;0,52;1,12;00;LR;52371;6,52;13,98;00;DVD;192;0,02;0,05;00;DSV;2139;0,27;0,57;00;REC;17208;2,14;4,59;00;RN;34220;4,26;9,13;00
95;Val-d'Oise;Complet;737941;418644;56,73;319297;43,27;4601;0,62;1,44;1506;0,20;0,47;313190;42,44;98,09;DXG;3823;0,52;1,22;00;RDG;857;0,12;0,27;00;NUP;97919;13,27;31,27;00;DVG;11465;1,55;3,66;00;ECO;13893;1,88;4,44;00;DIV;1874;0,25;0,60;00;REG;290;0,04;0,09;00;ENS;79032;10,71;25,23;00;DVC;3718;0,50;1,19;00;UDI;1499;0,20;0,48;00;LR;31369;4,25;10,02;00;DSV;3086;0,42;0,99;00;REC;14507;1,97;4,63;00;RN;48932;6,63;15,62;00;DXD;926;0,13;0,30;00
ZA;Guadeloupe;Complet;316360;236296;74,69;80064;25,31;2244;0,71;2,80;2694;0,85;3,36;75126;23,75;93,83;DXG;1409;0,45;1,88;00;DVG;44079;13,93;58,67;00;ECO;2191;0,69;2,92;00;DIV;2713;0,86;3,61;00;REG;1152;0,36;1,53;00;ENS;9385;2,97;12,49;00;DVC;3736;1,18;4,97;00;UDI;136;0,04;0,18;00;LR;634;0,20;0,84;00;DVD;224;0,07;0,30;00;DSV;241;0,08;0,32;00;REC;393;0,12;0,52;00;RN;7898;2,50;10,51;00;DXD;935;0,30;1,24;00
ZB;Martinique;Complet;304561;238770;78,40;65791;21,60;2125;0,70;3,23;1571;0,52;2,39;62095;20,39;94,38;DXG;984;0,32;1,58;00;DVG;27051;8,88;43,56;00;ECO;1043;0,34;1,68;00;REG;27798;9,13;44,77;00;ENS;783;0,26;1,26;00;UDI;1260;0,41;2,03;00;LR;88;0,03;0,14;00;DVD;595;0,20;0,96;00;REC;503;0,17;0,81;00;RN;1990;0,65;3,20;00
ZC;Guyane;Complet;103470;75808;73,27;27662;26,73;525;0,51;1,90;325;0,31;1,17;26812;25,91;96,93;DVG;7047;6,81;26,28;00;REG;8896;8,60;33,18;00;ENS;3754;3,63;14,00;00;DVC;1647;1,59;6,14;00;DVD;4077;3,94;15,21;00;DSV;149;0,14;0,56;00;RN;1242;1,20;4,63;00
ZD;La Réunion;Complet;677963;470536;69,40;207427;30,60;7041;1,04;3,39;7220;1,06;3,48;193166;28,49;93,12;DXG;7766;1,15;4,02;00;RDG;228;0,03;0,12;00;DVG;80691;11,90;41,77;00;ECO;7249;1,07;3,75;00;DIV;1239;0,18;0,64;00;REG;6744;0,99;3,49;00;ENS;9093;1,34;4,71;00;DVC;18300;2,70;9,47;00;UDI;6839;1,01;3,54;00;LR;14579;2,15;7,55;00;DVD;16833;2,48;8,71;00;DSV;3390;0,50;1,75;00;REC;467;0,07;0,24;00;RN;19748;2,91;10,22;00
ZM;Mayotte;Complet;92609;51594;55,71;41015;44,29;1256;1,36;3,06;1749;1,89;4,26;38010;41,04;92,67;DVG;5348;5,77;14,07;00;DIV;6949;7,50;18,28;00;ENS;5292;5,71;13,92;00;DVC;9048;9,77;23,80;00;LR;9357;10,10;24,62;00;DVD;1449;1,56;3,81;00;RN;567;0,61;1,49;00
ZN;Nouvelle-Calédonie;Complet;219162;147912;67,49;71250;32,51;1201;0,55;1,69;499;0,23;0,70;69550;31,73;97,61;DIV;313;0,14;0,45;00;REG;20897;9,53;30,05;00;ENS;25534;11,65;36,71;00;DVC;2475;1,13;3,56;00;LR;12860;5,87;18,49;00;DVD;2816;1,28;4,05;00;DSV;1114;0,51;1,60;00;RN;3541;1,62;5,09;00
ZP;Polynésie française;Complet;206297;119320;57,84;86977;42,16;767;0,37;0,88;684;0,33;0,79;85526;41,46;98,33;DXG;86;0,04;0,10;00;ECO;2477;1,20;2,90;00;DIV;747;0,36;0,87;00;REG;27364;13,26;31,99;00;ENS;30758;14,91;35,96;00;DVD;23409;11,35;27,37;00;DSV;123;0,06;0,14;00;RN;562;0,27;0,66;00
ZS;Saint-Pierre-et-Miquelon;Complet;5053;2352;46,55;2701;53,45;38;0,75;1,41;20;0,40;0,74;2643;52,31;97,85;DVG;1314;26,00;49,72;00;DIV;473;9,36;17,90;00;DVD;856;16,94;32,39;00
ZW;Wallis et Futuna;Complet;9592;2089;21,78;7503;78,22;34;0,35;0,45;29;0,30;0,39;7440;77,56;99,16;DVG;1061;11,06;14,26;00;ECO;922;9,61;12,39;00;DVC;5457;56,89;73,35;00
ZX;Saint-Martin/Saint-Barthélemy;Complet;24563;19344;78,75;5219;21,25;107;0,44;2,05;51;0,21;0,98;5061;20,60;96,97;DIV;304;1,24;6,01;00;REG;199;0,81;3,93;00;DVC;2383;9,70;47,09;00;LR;330;1,34;6,52;00;DVD;1398;5,69;27,62;00;REC;447;1,82;8,83;00
ZZ;Français établis hors de France;Complet;1446633;1120925;77,49;325708;22,51;3461;0,24;1,06;449;0,03;0,14;321798;22,24;98,80;RDG;310;0,02;0,10;00;NUP;91576;6,33;28,46;00;DVG;6968;0,48;2,17;00;ECO;8669;0,60;2,69;00;DIV;13607;0,94;4,23;00;REG;641;0,04;0,20;00;ENS;109917;7,60;34,16;00;DVC;24944;1,72;7,75;00;UDI;4572;0,32;1,42;00;LR;19314;1,34;6,00;00;DVD;12874;0,89;4,00;00;DSV;1533;0,11;0,48;00;REC;18948;1,31;5,89;00;RN;7824;0,54;2,43;00;DXD;101;0,01;0,03;00
